7x7s:
1 6 6 2 4 3 2 \
2 1 2 3 3 3 3 \
1 6 4 4 4 3 2 \
4 1 2 3 2 3 2
------------- 0.51s
5 5 2 4 3 2 1 \
1 2 2 3 4 3 4 \
3 6 4 3 2 2 1 \
1 2 3 3 4 2 5 
------------- 0.15s
1 4 5 5 3 4 2 \
2 1 2 2 2 3 4 \
1 6 4 4 3 3 2 \
2 1 3 2 2 3 5
------------- 0.98s
5 5 2 1 4 3 2 \
1 2 2 3 3 2 4 \
3 7 5 3 2 2 1 \
3 1 2 2 3 2 5
------------- 0.41s
3 1 5 5 4 3 2 \
1 2 2 2 2 3 4 \
2 6 4 4 3 2 1 \
2 1 2 2 3 2 6
------------- 2.27s
4 6 1 2 3 3 2 \
1 2 2 2 3 3 5 \
2 6 4 3 3 2 1 \
4 1 2 3 3 3 4
------------- 0.58s


8x8s:
2 4 5 2 4 1 3 2 \
1 2 3 3 3 4 4 4 \
2 7 4 3 3 3 2 1 \
3 1 2 2 3 4 4 5
--------------- 9m23.28s
4 5 4 1 4 4 3 2 \
1 2 2 4 3 2 3 6 \
2 8 4 5 5 3 2 1 \
2 1 2 2 3 3 4 5
--------------- 4m52.32s
7 3 4 2 4 1 3 2 \
1 2 2 3 3 4 4 6 \
4 7 4 2 3 3 2 1 \
2 1 2 4 3 3 5 5
--------------- 1m41.55s
8 4 3 2 2 1 3 2 \
1 2 2 3 2 4 3 5 \
5 7 4 2 4 2 2 1 \
3 1 2 3 2 4 3 7
--------------- 16.74s


9x9s:
9 4 3 5 3 2 3 2 1 \
1 2 2 2 3 2 5 5 5 \
5 7 4 3 4 3 3 2 1 \
1 2 3 4 2 4 4 5 7
----------------- 
7 3 3 2 1 4 4 3 2 \
1 2 3 2 3 4 4 5 4 \
4 9 5 4 3 3 3 2 1 \
2 1 2 2 3 3 3 6 3